AUTO ML
init Random Forest
init     [0.00232637 0.80950023 0.83918828].      0.8152218011347456     0.8152218011347456
init     [0.00118278 0.92024548 0.80920066].      0.8108268527240465     0.8152218011347456
init     [0.00886087 0.89683533 0.83348293].      0.718804245438016      0.8152218011347456
init     [0.00527351 0.99716759 0.98163514].      0.593794716204079      0.8152218011347456
init     [0.00463556 0.89811302 0.84495808].      0.7836063221538259     0.8152218011347456
1        [0.00197115 0.95119014 0.91634471].      0.8176310543494928     0.8176310543494928
2        [0.00234254 0.97987944 0.88366952].      0.5688256040658064     0.8176310543494928
3        [0.00120631 0.94596434 0.87655439].      0.8189925299568447     0.8189925299568447
4        [0.00105295 0.9559597  0.93603667].      0.811871892045828      0.8189925299568447
5        [0.00231166 0.96891675 0.99099612].      0.8266297180661131     0.8266297180661131
6        [0.00100233 0.97996679 0.92202675].      0.7916741878244868     0.8266297180661131
7        [0.00228812 0.91278127 0.95816613].      0.8268437424697146     0.8268437424697146
8        [0.00262372 0.9047823  0.95220908].      0.8292519003702161     0.8292519003702161
9        [0.00242422 0.9323611  0.98040657].      0.8262167845955005     0.8292519003702161
10       [0.00264593 0.97906829 0.96722545].      0.8163760432868189     0.8292519003702161
11       [0.0032801  0.97403983 0.98255629].      0.8177359854542268     0.8292519003702161
12       [0.00525131 0.975061   0.92400893].      0.6612280663322306     0.8292519003702161
13       [0.00351834 0.97874663 0.87675336].      0.5279888935135489     0.8292519003702161
14       [0.00312282 0.82538775 0.9476447 ].      0.8197229950272732     0.8292519003702161
15       [0.00312004 0.86583436 0.86204737].      0.8103028543889241     0.8292519003702161
16       [0.00171802 0.97194029 0.86839875].      0.6343144428136431     0.8292519003702161
17       [0.00385438 0.86676881 0.96094361].      0.8128143004227912     0.8292519003702161
18       [0.00229664 0.97814726 0.97507053].      0.8177335757628864     0.8292519003702161
19       [0.00356921 0.82408334 0.88082705].      0.803599969331201      0.8292519003702161
20       [0.00224835 0.9948165  0.92004666].      0.4188776314924751     0.8292519003702161

init Gaussian process
Evaluation       Proposed point           Current eval.          Best eval.
init     [0.00820422 0.81806091 0.92510105].      0.7396398606760279     0.8290392998751341
init     [0.00952469 0.80782778 0.83189903].      0.6995434730224102     0.8290392998751341
init     [0.00171057 0.89439948 0.98369327].      0.8290392998751341     0.8290392998751341
init     [0.00481507 0.95964313 0.87988318].      0.69546156542312       0.8290392998751341
init     [0.00813474 0.90493511 0.83090744].      0.7309445990054547     0.8290392998751341
1        [0.001      0.87376135 0.999     ].      0.8185736817893053     0.8290392998751341
2        [0.01       0.91107245 0.999     ].      0.7128286490394095     0.8290392998751341
3        [0.001      0.86911784 0.91474915].      0.817312208372582      0.8290392998751341
4        [0.001      0.86149681 0.999     ].      0.8187848583758681     0.8290392998751341
5        [0.00120668 0.83869033 0.94929484].      0.820979320467042      0.8290392998751341
6        [0.00200132 0.87004501 0.90904197].      0.8260044031632674     0.8290392998751341
7        [0.00116104 0.89178102 0.91543195].      0.817628206532454      0.8290392998751341
8        [0.001      0.86678988 0.9398043 ].      0.8197225569015749     0.8290392998751341
9        [0.00153774 0.85233358 0.93557855].      0.8247454489693092     0.8290392998751341
10       [0.001      0.86029383 0.90235937].      0.8118702490744594     0.8290392998751341
11       [0.0012339  0.88391825 0.9740472 ].      0.8242272557996889     0.8290392998751341
12       [0.00193024 0.89006028 0.95605149].      0.8283088348047055     0.8290392998751341
13       [0.001      0.87799236 0.97606803].      0.8166886459725295     0.8290392998751341
14       [0.00148026 0.83834075 0.94830233].      0.8252709807443755     0.8290392998751341
15       [0.001      0.86785391 0.92939173].      0.8125023549256282     0.8290392998751341
16       [0.00180096 0.87304351 0.966357  ].      0.8212958662840368     0.8290392998751341
17       [0.00117942 0.89256398 0.97923225].      0.8241198054721899     0.8290392998751341
18       [0.001      0.86662297 0.95755063].      0.8137571469254528     0.8290392998751341
19       [0.001      0.8677647  0.97371726].      0.811241867291726      0.8290392998751341
20       [0.001      0.8618994  0.94105223].      0.8118737540800456     0.8290392998751341

Sampled OrderedDict([('learning_rate', 0.0026237183538452085), ('beta_1', 0.9047823018771013), ('beta_2', 0.9522090848401407)]) with score 0.8292519003702161